# ------------------------------------------------------------------------
# Radiance spectrum
# NASA-GSFC Planetary Spectrum Generator (PSG) (Villanueva et al. 2018, 2022)
# Synthesized on Wed Apr 22 18:45:49 2026
# Doppler velocities [km/s] (vobs,vrot+vorb,vwidth,vrfl,vstr): 0.00000,0.00000,0.00000,29.78000,0.00000
# ------------------------------------------------------------------------
# Spectra synthesized with the Planetary and Universal Model of Atmospheric Scattering (PUMAS, Villanueva et al. 2018, 2022)
# Single scattering radiative transfer method
# Radiative transfer took 1.079 seconds
# ------------------------------------------------------------------------
# Spectral unit: Wavelength [um]
# Radiance unit: Spectral irradiance [mJy]
# Wave/freq Total Noise Stellar Earth-like-Prototype
5.000000000e-01  6.9876457e+04          inf  2.01567e+06  1.20595e-10
5.025000000e-01  6.9203029e+04          inf  2.03572e+06  1.36529e-10
5.050125000e-01  6.9971374e+04          inf  2.05572e+06  1.54453e-10
5.075375625e-01  7.6106812e+04          inf  2.07567e+06  1.74666e-10
5.100752503e-01  8.6944401e+04          inf  2.09557e+06  1.97441e-10
5.126256266e-01  9.5371874e+04          inf  2.11541e+06  2.22997e-10
5.151887547e-01  1.0166674e+05          inf  2.13519e+06  2.51652e-10
5.177646985e-01  1.0748180e+05          inf  2.15491e+06  2.83785e-10
5.203535220e-01  1.1322245e+05          inf  2.17455e+06  3.19798e-10
5.229552896e-01  1.1738510e+05          inf  2.19413e+06  3.60099e-10
5.255700660e-01  1.2013556e+05          inf  2.21362e+06  4.05168e-10
5.281979164e-01  1.2235298e+05          inf  2.23304e+06  4.55554e-10
5.308389059e-01  1.2524122e+05          inf  2.25237e+06  5.11883e-10
5.334931005e-01  1.3133187e+05          inf  2.27162e+06  5.74902e-10
5.361605660e-01  1.4172608e+05          inf  2.29077e+06  6.45411e-10
5.388413688e-01  1.4980592e+05          inf  2.30983e+06  7.23990e-10
5.415355756e-01  1.4847659e+05          inf  2.32880e+06  8.11166e-10
5.442432535e-01  1.5614824e+05          inf  2.34766e+06  9.08692e-10
5.469644698e-01  1.6365434e+05          inf  2.36641e+06  1.01727e-09
5.496992921e-01  1.7521865e+05          inf  2.38506e+06  1.13834e-09
5.524477886e-01  1.8467527e+05          inf  2.40359e+06  1.27284e-09
5.552100275e-01  1.9104605e+05          inf  2.42201e+06  1.42206e-09
5.579860777e-01  1.9481554e+05          inf  2.44031e+06  1.58753e-09
5.607760081e-01  1.9540590e+05          inf  2.45848e+06  1.77081e-09
5.635798881e-01  1.9463106e+05          inf  2.47653e+06  1.97387e-09
5.663977875e-01  1.8993986e+05          inf  2.49446e+06  2.19840e-09
5.692297765e-01  1.6391274e+05          inf  2.51225e+06  2.44430e-09
5.720759254e-01  1.5766998e+05          inf  2.52990e+06  2.71878e-09
5.749363050e-01  1.4832131e+05          inf  2.54742e+06  3.02179e-09
5.778109865e-01  1.5487623e+05          inf  2.56479e+06  3.36023e-09
5.807000414e-01  1.9478129e+05          inf  2.58202e+06  3.74040e-09
5.836035417e-01  2.3939706e+05          inf  2.59910e+06  4.15990e-09
5.865215594e-01  2.4838989e+05          inf  2.61604e+06  4.61538e-09
5.894541672e-01  1.7531244e+05          inf  2.63282e+06  5.09829e-09
5.924014380e-01  2.0274233e+05          inf  2.64944e+06  5.65608e-09
5.953634452e-01  2.1217083e+05          inf  2.66590e+06  6.26551e-09
5.983402624e-01  2.5275329e+05          inf  2.68221e+06  6.94668e-09
6.013319637e-01  2.9349645e+05          inf  2.69835e+06  7.69749e-09
6.043386235e-01  3.2182587e+05          inf  2.71432e+06  8.51957e-09
6.073603167e-01  3.4257830e+05          inf  2.73012e+06  9.42071e-09
6.103971182e-01  3.6451498e+05          inf  2.74575e+06  1.04118e-08
6.134491038e-01  3.8566340e+05          inf  2.76121e+06  1.15000e-08
6.165163494e-01  4.0268503e+05          inf  2.77649e+06  1.26920e-08
6.195989311e-01  4.1187639e+05          inf  2.79159e+06  1.39939e-08
6.226969258e-01  4.0906514e+05          inf  2.80651e+06  1.54114e-08
6.258104104e-01  3.8829313e+05          inf  2.82124e+06  1.69483e-08
6.289394624e-01  3.2431809e+05          inf  2.83579e+06  1.96290e-08
6.320841597e-01  3.8245914e+05          inf  2.85015e+06  2.09756e-08
6.352445805e-01  4.5496067e+05          inf  2.86432e+06  2.27882e-08
6.384208035e-01  5.2851127e+05          inf  2.87830e+06  2.49413e-08
6.416129075e-01  5.8495980e+05          inf  2.89209e+06  2.74284e-08
6.448209720e-01  5.9099192e+05          inf  2.90568e+06  3.01025e-08
6.480450769e-01  4.7900503e+05          inf  2.91907e+06  3.28369e-08
6.512853022e-01  5.5745275e+05          inf  2.93226e+06  3.61213e-08
6.545417288e-01  5.9939491e+05          inf  2.94526e+06  3.96431e-08
6.578144374e-01  6.7173942e+05          inf  2.95804e+06  4.35472e-08
6.611035096e-01  7.7888413e+05          inf  2.97063e+06  4.78876e-08
6.644090271e-01  8.2955360e+05          inf  2.98301e+06  5.24933e-08
6.677310723e-01  8.7861182e+05          inf  2.99518e+06  5.75073e-08
6.710697276e-01  9.1950570e+05          inf  3.00714e+06  6.29423e-08
6.744250763e-01  9.5537728e+05          inf  3.01889e+06  6.88374e-08
6.777972017e-01  9.8803388e+05          inf  3.03043e+06  7.52329e-08
6.811861877e-01  1.0095764e+06          inf  3.04176e+06  8.21355e-08
6.845921186e-01  1.0207357e+06          inf  3.05288e+06  8.95799e-08
6.880150792e-01  4.3324259e+05          inf  3.06378e+06  3.00624e-07
6.914551546e-01  7.0981301e+05          inf  3.07446e+06  2.14285e-07
6.949124304e-01  6.6813042e+05          inf  3.08493e+06  1.97811e-07
6.983869925e-01  8.2584548e+05          inf  3.09518e+06  1.58257e-07
7.018789275e-01  7.5460528e+05          inf  3.10521e+06  1.47902e-07
7.053883221e-01  8.8134692e+05          inf  3.11502e+06  1.47774e-07
7.089152637e-01  9.8017304e+05          inf  3.12461e+06  1.61230e-07
7.124598400e-01  1.0464307e+06          inf  3.13397e+06  1.75572e-07
7.160221392e-01  6.2342855e+05          inf  3.14312e+06  1.86938e-07
7.196022499e-01  2.7164010e+05          inf  3.15205e+06  1.99569e-07
7.232002612e-01  4.3898663e+05          inf  3.16075e+06  2.17994e-07
7.268162625e-01  3.9887865e+05          inf  3.16922e+06  2.35790e-07
7.304503438e-01  4.3830468e+05          inf  3.17748e+06  2.55843e-07
7.341025955e-01  9.5291334e+05          inf  3.18551e+06  2.83409e-07
7.377731085e-01  1.0357614e+06          inf  3.19332e+06  3.07775e-07
7.414619740e-01  1.3426160e+06          inf  3.20090e+06  3.37431e-07
7.451692839e-01  1.5069804e+06          inf  3.20825e+06  3.67400e-07
7.488951303e-01  1.5516508e+06          inf  3.21538e+06  3.97719e-07
7.526396060e-01  1.5763278e+06          inf  3.22229e+06  4.29978e-07
7.564028040e-01  1.5681007e+06          inf  3.22897e+06  4.63933e-07
7.601848180e-01  2.8629079e+05          inf  3.23543e+06  2.38322e-05
7.639857421e-01  8.9352333e+04          inf  3.24166e+06  1.31169e-05
7.678056708e-01  1.0698150e+06          inf  3.24766e+06  1.17244e-05
7.716446992e-01  1.6658297e+06          inf  3.25344e+06  4.93739e-06
7.755029227e-01  1.7840230e+06          inf  3.25900e+06  2.22716e-06
7.793804373e-01  1.8083520e+06          inf  3.26433e+06  7.34291e-07
7.832773395e-01  1.7937516e+06          inf  3.26943e+06  7.89538e-07
7.871937262e-01  1.5368002e+06          inf  3.27432e+06  8.39709e-07
7.911296948e-01  1.4268102e+06          inf  3.27898e+06  8.98365e-07
7.950853433e-01  1.5311798e+06          inf  3.28341e+06  9.69684e-07
7.990607700e-01  1.3114933e+06          inf  3.28763e+06  1.03149e-06
8.030560739e-01  1.3390830e+06          inf  3.29162e+06  1.10866e-06
8.070713542e-01  1.5405582e+06          inf  3.29539e+06  1.20012e-06
8.111067110e-01  1.1068007e+06          inf  3.29894e+06  1.26319e-06
8.151622446e-01  5.1021379e+05          inf  3.30227e+06  1.31964e-06
8.192380558e-01  5.5941900e+05          inf  3.30538e+06  1.41721e-06
8.233342461e-01  6.7473196e+05          inf  3.30827e+06  1.52606e-06
8.274509173e-01  7.3760262e+05          inf  3.31095e+06  1.63834e-06
8.315881719e-01  8.9262089e+05          inf  3.31340e+06  1.76547e-06
8.357461127e-01  1.3265197e+06          inf  3.31564e+06  1.92500e-06
8.399248433e-01  1.5722075e+06          inf  3.31767e+06  2.08054e-06
8.441244675e-01  1.8548236e+06          inf  3.31948e+06  2.25113e-06
8.483450899e-01  2.0165733e+06          inf  3.32108e+06  2.42212e-06
8.525868153e-01  1.9838082e+06          inf  3.32247e+06  2.58325e-06
8.568497494e-01  2.1055303e+06          inf  3.32364e+06  2.77239e-06
8.611339981e-01  2.2203418e+06          inf  3.32461e+06  4.12815e-06
8.654396681e-01  2.2837625e+06          inf  3.32536e+06  3.92869e-06
8.697668665e-01  2.3155123e+06          inf  3.32591e+06  4.17606e-06
8.741157008e-01  2.3244948e+06          inf  3.32625e+06  3.62156e-06
8.784862793e-01  2.2899156e+06          inf  3.32639e+06  3.85289e-06
8.828787107e-01  2.2201958e+06          inf  3.32632e+06  4.09118e-06
8.872931042e-01  2.1220230e+06          inf  3.32605e+06  4.33746e-06
8.917295698e-01  1.8955225e+06          inf  3.32558e+06  4.57153e-06
8.961882176e-01  6.9876864e+05          inf  3.32490e+06  4.61814e-06
9.006691587e-01  4.0060920e+05          inf  3.32403e+06  4.84653e-06
9.051725045e-01  7.7605518e+05          inf  3.32296e+06  5.23656e-06
9.096983670e-01  3.9957729e+05          inf  3.32170e+06  5.47373e-06
9.142468589e-01  3.3748591e+05          inf  3.32024e+06  5.79827e-06
9.188180931e-01  5.3162799e+05          inf  3.31859e+06  6.20824e-06
9.234121836e-01  6.0483171e+05          inf  3.31675e+06  6.60946e-06
9.280292445e-01  2.8101528e+05          inf  3.31471e+06  6.91449e-06
9.326693908e-01  6.2008808e+03          inf  3.31249e+06  7.24815e-06
9.373327377e-01  2.6472897e+03          inf  3.31008e+06  7.68242e-06
9.420194014e-01  3.9313771e+03          inf  3.30749e+06  8.14117e-06
9.467294984e-01  4.2538533e+03          inf  3.30471e+06  8.62380e-06
9.514631459e-01  6.8910784e+03          inf  3.30175e+06  9.13243e-06
9.562204616e-01  3.3654704e+04          inf  3.29861e+06  9.67674e-06
9.610015639e-01  7.4984951e+04          inf  3.29529e+06  1.02567e-05
9.658065718e-01  2.0471756e+05          inf  3.29179e+06  1.09091e-05
9.706356046e-01  7.3199493e+05          inf  3.28812e+06  1.18010e-05
9.754887826e-01  4.4395201e+05          inf  3.28428e+06  1.23179e-05
9.803662265e-01  8.3296278e+05          inf  3.28026e+06  1.32399e-05
9.852680577e-01  1.4430312e+06          inf  3.27607e+06  1.43644e-05
9.901943980e-01  1.9918769e+06          inf  3.27172e+06  1.55338e-05
9.951453700e-01  2.3149156e+06          inf  3.26720e+06  1.66275e-05
1.000121097e+00  2.3425726e+06          inf  3.26251e+06  1.75672e-05
1.005121702e+00  2.3552876e+06          inf  3.25766e+06  1.85403e-05
1.010147311e+00  2.3364881e+06          inf  3.25265e+06  1.95335e-05
1.015198047e+00  2.4773197e+06          inf  3.24748e+06  2.07162e-05
1.020274038e+00  2.4872456e+06          inf  3.24215e+06  2.18392e-05
1.025375408e+00  2.5301750e+06          inf  3.23667e+06  2.30479e-05
1.030502285e+00  2.6079629e+06          inf  3.23103e+06  2.43516e-05
1.035654796e+00  2.6744137e+06          inf  3.22524e+06  2.57087e-05
1.040833070e+00  2.4427538e+06          inf  3.21930e+06  2.67738e-05
1.046037236e+00  2.3735626e+06          inf  3.21322e+06  2.80768e-05
1.051267422e+00  2.1987637e+06          inf  3.20699e+06  2.93063e-05
1.056523759e+00  1.9804148e+06          inf  3.20061e+06  3.05161e-05
1.061806378e+00  1.7047235e+06          inf  3.19409e+06  3.18893e-05
1.067115410e+00  1.6213494e+06          inf  3.18743e+06  3.34285e-05
1.072450987e+00  1.8495205e+06          inf  3.18063e+06  3.53573e-05
1.077813242e+00  1.9060639e+06          inf  3.17369e+06  3.70890e-05
1.083202308e+00  1.8131269e+06          inf  3.16662e+06  3.87242e-05
1.088618319e+00  1.7383075e+06          inf  3.15942e+06  4.04713e-05
1.094061411e+00  1.2640030e+06          inf  3.15209e+06  4.15408e-05
1.099531718e+00  7.8159022e+05          inf  3.14462e+06  4.25976e-05
1.105029377e+00  4.7642463e+05          inf  3.13703e+06  4.40170e-05
1.110554523e+00  2.1978778e+05          inf  3.12932e+06  4.55701e-05
1.116107296e+00  2.5803540e+04          inf  3.12148e+06  4.73067e-05
1.121687832e+00  1.7832372e+01          inf  3.11352e+06  4.94685e-05
1.127296272e+00  3.3579159e+02          inf  3.10544e+06  5.17741e-05
1.132932753e+00  5.1173331e+02          inf  3.09725e+06  5.41713e-05
1.138597417e+00  3.2167855e+03          inf  3.08893e+06  5.66715e-05
1.144290404e+00  8.4831368e+02          inf  3.08051e+06  5.92478e-05
1.150011856e+00  1.3462302e+03          inf  3.07197e+06  6.19369e-05
1.155761915e+00  2.1840279e+04          inf  3.06332e+06  6.47962e-05
1.161540725e+00  2.6239579e+05          inf  3.05457e+06  6.85149e-05
1.167348428e+00  4.2210175e+05          inf  3.04571e+06  7.21466e-05
1.173185171e+00  6.1164578e+05          inf  3.03674e+06  7.60745e-05
1.179051096e+00  8.2499048e+05          inf  3.02768e+06  8.03112e-05
1.184946352e+00  7.3826706e+05          inf  3.01851e+06  8.35008e-05
1.190871084e+00  7.9952900e+05          inf  3.00924e+06  8.74630e-05
1.196825439e+00  8.3020223e+05          inf  2.99988e+06  9.14568e-05
1.202809566e+00  8.7803057e+05          inf  2.99042e+06  9.57135e-05
1.208823614e+00  1.1757168e+06          inf  2.98088e+06  1.01537e-04
1.214867732e+00  1.1143972e+06          inf  2.97123e+06  1.05685e-04
1.220942071e+00  1.4695640e+06          inf  2.96151e+06  1.12517e-04
1.227046781e+00  1.5454361e+06          inf  2.95169e+06  1.18088e-04
1.233182015e+00  1.8588059e+06          inf  2.94179e+06  1.28056e-04
1.239347925e+00  1.9220884e+06          inf  2.93180e+06  1.43632e-04
1.245544665e+00  1.7464923e+06          inf  2.92173e+06  1.76552e-04
1.251772388e+00  1.3628202e+06          inf  2.91159e+06  2.00802e-04
1.258031250e+00  7.7087411e+05          inf  2.90136e+06  5.56083e-04
1.264321406e+00  2.6712460e+05          inf  2.89106e+06  6.51932e-04
1.270643013e+00  3.1198371e+05          inf  2.88068e+06  1.35069e-03
1.276996228e+00  9.3208262e+05          inf  2.87023e+06  6.06094e-04
1.283381209e+00  1.5955402e+06          inf  2.85971e+06  4.61254e-04
1.289798116e+00  1.6202831e+06          inf  2.84912e+06  3.17638e-04
1.296247106e+00  1.3544319e+06          inf  2.83847e+06  2.52305e-04
1.302728342e+00  1.0386395e+06          inf  2.82775e+06  2.19720e-04
1.309241983e+00  7.1765423e+05          inf  2.81696e+06  2.15581e-04
1.315788193e+00  3.4844319e+05          inf  2.80611e+06  2.08078e-04
1.322367134e+00  2.3636419e+05          inf  2.79520e+06  2.11786e-04
1.328978970e+00  4.8352941e+04          inf  2.78423e+06  2.08897e-04
1.335623865e+00  1.4545058e+04          inf  2.77321e+06  2.14514e-04
1.342301984e+00  3.8989625e+03          inf  2.76213e+06  2.20832e-04
1.349013494e+00  9.3379672e-01          inf  2.75099e+06  2.20344e-04
1.355758561e+00  2.2704586e-04          inf  2.73980e+06  2.27046e-04
1.362537354e+00  2.3498048e-04          inf  2.72857e+06  2.34980e-04
1.369350041e+00  2.4319434e-04          inf  2.71728e+06  2.43194e-04
1.376196791e+00  2.5178654e-04          inf  2.70594e+06  2.51787e-04
1.383077775e+00  2.6047381e-04          inf  2.69456e+06  2.60474e-04
1.389993164e+00  2.6968450e-04          inf  2.68314e+06  2.69685e-04
1.396943130e+00  2.7896079e-04          inf  2.67167e+06  2.78961e-04
1.403927846e+00  2.8874500e-04          inf  2.66016e+06  2.88745e-04
1.410947485e+00  2.9968481e-04          inf  2.64861e+06  2.99684e-04
1.418002222e+00  3.7657653e-04          inf  2.63703e+06  3.12151e-04
1.425092233e+00  4.4585127e-03          inf  2.62540e+06  3.30252e-04
1.432217694e+00  7.9245565e-02          inf  2.61374e+06  3.43198e-04
1.439378783e+00  1.2358825e-02          inf  2.60205e+06  3.59001e-04
1.446575677e+00  4.8544510e+00          inf  2.59033e+06  3.87832e-04
1.453808555e+00  1.2683900e+02          inf  2.57857e+06  4.25948e-04
1.461077598e+00  3.6617549e+02          inf  2.56679e+06  4.93504e-04
1.468382986e+00  2.4537355e+01          inf  2.55497e+06  4.50590e-04
1.475724901e+00  9.5397791e+02          inf  2.54313e+06  5.57659e-04
1.483103525e+00  1.9591893e+03          inf  2.53127e+06  6.63712e-04
1.490519043e+00  6.3117760e+04          inf  2.51938e+06  1.17877e-03
1.497971638e+00  2.4834569e+05          inf  2.50747e+06  2.13284e-03
1.505461496e+00  5.3208328e+05          inf  2.49554e+06  3.03602e-03
1.512988804e+00  7.8521752e+05          inf  2.48358e+06  4.43179e-03
1.520553748e+00  1.3522275e+06          inf  2.47161e+06  6.51435e-03
1.528156517e+00  1.3188764e+06          inf  2.45963e+06  7.56384e-03
1.535797299e+00  1.6431434e+06          inf  2.44762e+06  9.58017e-03
1.543476286e+00  1.7996250e+06          inf  2.43561e+06  1.17128e-02
1.551193667e+00  1.9958884e+06          inf  2.42357e+06  1.45124e-02
1.558949636e+00  2.1221205e+06          inf  2.41153e+06  1.73324e-02
1.566744384e+00  1.8671838e+06          inf  2.39948e+06  1.85029e-02
1.574578106e+00  1.2641588e+06          inf  2.38741e+06  1.61743e-02
1.582450996e+00  1.6588425e+06          inf  2.37534e+06  2.28668e-02
1.590363251e+00  2.0603211e+06          inf  2.36326e+06  3.13075e-02
1.598315067e+00  1.6769776e+06          inf  2.35117e+06  3.11186e-02
1.606306643e+00  1.3259985e+06          inf  2.33908e+06  3.04048e-02
1.614338176e+00  1.6861991e+06          inf  2.32699e+06  4.22980e-02
1.622409867e+00  2.0637838e+06          inf  2.31489e+06  5.66114e-02
1.630521916e+00  1.9815876e+06          inf  2.30279e+06  6.37091e-02
1.638674526e+00  1.8439552e+06          inf  2.29069e+06  7.00309e-02
1.646867898e+00  1.7336205e+06          inf  2.27859e+06  7.84703e-02
1.655102238e+00  1.7744063e+06          inf  2.26650e+06  9.42048e-02
1.663377749e+00  1.7092019e+06          inf  2.25440e+06  1.04874e-01
1.671694638e+00  1.8363249e+06          inf  2.24231e+06  1.29803e-01
1.680053111e+00  1.8243037e+06          inf  2.23022e+06  1.49546e-01
1.688453377e+00  1.7142128e+06          inf  2.21814e+06  1.67554e-01
1.696895643e+00  1.5406400e+06          inf  2.20607e+06  1.82097e-01
1.705380122e+00  1.3366904e+06          inf  2.19400e+06  1.93955e-01
1.713907022e+00  1.3663458e+06          inf  2.18195e+06  2.31301e-01
1.722476557e+00  1.0730756e+06          inf  2.16990e+06  2.35336e-01
1.731088940e+00  1.1281686e+06          inf  2.15786e+06  2.80518e-01
1.739744385e+00  7.4274869e+05          inf  2.14583e+06  2.73368e-01
1.748443107e+00  6.4763836e+05          inf  2.13382e+06  2.99341e-01
1.757185322e+00  6.0740107e+05          inf  2.12182e+06  3.40979e-01
1.765971249e+00  2.7028265e+05          inf  2.10983e+06  2.92220e-01
1.774801105e+00  1.3287633e+05          inf  2.09786e+06  2.57138e-01
1.783675111e+00  3.4123125e+04          inf  2.08591e+06  1.97355e-01
1.792593486e+00  1.1004996e+04          inf  2.07397e+06  1.30666e-01
1.801556454e+00  1.7988521e+01          inf  2.06205e+06  5.50525e-02
1.810564236e+00  3.1165033e-02          inf  2.05014e+06  2.96454e-02
1.819617057e+00  2.2996955e-02          inf  2.03826e+06  2.29970e-02
1.828715142e+00  1.1104543e-02          inf  2.02639e+06  1.11045e-02
1.837858718e+00  7.2726393e-03          inf  2.01455e+06  7.27264e-03
1.847048012e+00  9.4132336e-03          inf  2.00273e+06  9.41323e-03
1.856283252e+00  9.9201887e-03          inf  1.99093e+06  9.92019e-03
1.865564668e+00  1.6758125e-02          inf  1.97915e+06  1.67581e-02
1.874892491e+00  1.2309004e-02          inf  1.96739e+06  1.23090e-02
1.884266954e+00  2.4439721e-02          inf  1.95566e+06  2.44397e-02
1.893688289e+00  2.8301828e-02          inf  1.94396e+06  2.83018e-02
1.903156730e+00  2.1669070e-02          inf  1.93228e+06  2.16691e-02
1.912672514e+00  3.2344024e-02          inf  1.92063e+06  3.23440e-02
1.922235876e+00  8.3631514e-02          inf  1.90900e+06  8.36315e-02
1.931847056e+00  1.1905995e-01          inf  1.89740e+06  1.19060e-01
1.941506291e+00  2.4099434e-01          inf  1.88583e+06  2.40403e-01
1.951213822e+00  2.0742627e+01          inf  1.87429e+06  3.68732e-01
1.960969892e+00  1.0814339e+03          inf  1.86278e+06  3.69876e-01
1.970774741e+00  2.4507669e+04          inf  1.85129e+06  1.72730e+00
1.980628615e+00  9.7913794e+04          inf  1.83984e+06  4.43858e+00
1.990531758e+00  1.5080723e+05          inf  1.82842e+06  5.73011e+00
2.000484417e+00  4.0801745e+04          inf  1.81703e+06  1.05529e+00
2.010486839e+00  4.3137902e+02          inf  1.80567e+06  2.15030e-01
2.020539273e+00  3.6361922e+04          inf  1.79435e+06  1.96886e+00
2.030641969e+00  3.4585508e+05          inf  1.78306e+06  9.86583e+00
2.040795179e+00  5.0002172e+05          inf  1.77180e+06  1.30547e+01
2.050999155e+00  1.1961293e+05          inf  1.76057e+06  5.27736e+00
2.061254151e+00  8.7701443e+04          inf  1.74939e+06  5.42839e+00
2.071560421e+00  1.3767389e+05          inf  1.73823e+06  8.70072e+00
2.081918224e+00  4.9981855e+05          inf  1.72711e+06  2.12272e+01
2.092327815e+00  7.8568514e+05          inf  1.71603e+06  3.10851e+01
2.102789454e+00  1.0059104e+06          inf  1.70499e+06  4.05889e+01
2.113303401e+00  1.0550623e+06          inf  1.69398e+06  4.68834e+01
2.123869918e+00  1.0452809e+06          inf  1.68301e+06  5.22792e+01
2.134489268e+00  1.3288397e+06          inf  1.67207e+06  6.65030e+01
2.145161714e+00  1.2699876e+06          inf  1.66118e+06  7.21375e+01
2.155887523e+00  9.4517872e+05          inf  1.65032e+06  7.12314e+01
2.166666960e+00  9.6857997e+05          inf  1.63950e+06  7.99095e+01
2.177500295e+00  9.8879281e+05          inf  1.62872e+06  9.09834e+01
2.188387796e+00  9.9151339e+05          inf  1.61798e+06  1.03557e+02
2.199329735e+00  7.0867627e+05          inf  1.60728e+06  9.01415e+01
2.210326384e+00  1.1346890e+06          inf  1.59662e+06  1.35685e+02
2.221378016e+00  1.0611104e+06          inf  1.58600e+06  1.43828e+02
2.232484906e+00  9.7589870e+05          inf  1.57543e+06  1.49346e+02
2.243647331e+00  8.5168933e+05          inf  1.56489e+06  1.53348e+02
2.254865567e+00  7.0891198e+05          inf  1.55439e+06  1.53365e+02
2.266139895e+00  6.6158875e+05          inf  1.54394e+06  1.62952e+02
2.277470595e+00  7.3182809e+05          inf  1.53353e+06  1.93337e+02
2.288857948e+00  5.3079035e+05          inf  1.52316e+06  1.78971e+02
2.300302237e+00  3.7780888e+05          inf  1.51283e+06  1.61451e+02
2.311803748e+00  7.5799325e+05          inf  1.50255e+06  2.79079e+02
2.323362767e+00  4.7916608e+05          inf  1.49231e+06  2.52040e+02
2.334979581e+00  3.9883557e+05          inf  1.48211e+06  2.56445e+02
2.346654479e+00  2.0455876e+05          inf  1.47196e+06  2.07846e+02
2.358387751e+00  2.7783531e+05          inf  1.46185e+06  3.07119e+02
2.370179690e+00  1.4338170e+05          inf  1.45179e+06  2.29892e+02
2.382030589e+00  6.7242932e+04          inf  1.44177e+06  2.69041e+02
2.393940742e+00  7.2315961e+04          inf  1.43179e+06  3.24631e+02
2.405910445e+00  3.3079905e+04          inf  1.42186e+06  3.13225e+02
2.417939997e+00  7.2272107e+03          inf  1.41197e+06  2.50559e+02
2.430029697e+00  1.4968080e+04          inf  1.40213e+06  3.69279e+02
2.442179846e+00  4.8090095e+03          inf  1.39233e+06  3.07150e+02
2.454390745e+00  1.1999260e+03          inf  1.38258e+06  2.89632e+02
2.466662699e+00  4.1208589e+02          inf  1.37287e+06  2.68503e+02
2.478996012e+00  1.7664354e+02          inf  1.36321e+06  1.75900e+02
2.491390992e+00  1.1065186e+02          inf  1.35359e+06  1.10652e+02
2.503847947e+00  1.4731431e+02          inf  1.34402e+06  1.47314e+02
2.516367187e+00  1.0562404e+02          inf  1.33450e+06  1.05624e+02
2.528949023e+00  5.6808607e+01          inf  1.32502e+06  5.68086e+01
2.541593768e+00  4.5703179e+01          inf  1.31559e+06  4.57032e+01
2.554301737e+00  4.6615761e+01          inf  1.30621e+06  4.66158e+01
2.567073246e+00  2.8306718e+01          inf  1.29687e+06  2.83067e+01
2.579908612e+00  2.7200125e+01          inf  1.28758e+06  2.72001e+01
2.592808155e+00  2.6947832e+01          inf  1.27833e+06  2.69478e+01
2.605772196e+00  2.5396924e+01          inf  1.26913e+06  2.53969e+01
2.618801057e+00  2.8565619e+01          inf  1.25998e+06  2.85656e+01
2.631895062e+00  3.4459387e+01          inf  1.25087e+06  3.44594e+01
2.645054537e+00  5.1557615e+01          inf  1.24181e+06  5.15576e+01
2.658279810e+00  4.3656905e+01          inf  1.23280e+06  4.36569e+01
2.671571209e+00  1.2093606e+02          inf  1.22384e+06  1.20936e+02
2.684929065e+00  1.7311018e+02          inf  1.21492e+06  1.73110e+02
2.698353710e+00  1.8221940e+02          inf  1.20605e+06  1.82219e+02
2.711845479e+00  1.5735718e+02          inf  1.19722e+06  1.57357e+02
2.725404706e+00  1.1403113e+02          inf  1.18845e+06  1.14031e+02
2.739031730e+00  1.3535312e+02          inf  1.17972e+06  1.35353e+02
2.752726889e+00  1.8764605e+02          inf  1.17103e+06  1.87646e+02
2.766490523e+00  2.0730228e+02          inf  1.16240e+06  2.07302e+02
2.780322976e+00  2.9531233e+02          inf  1.15381e+06  2.95312e+02
2.794224591e+00  2.6608158e+02          inf  1.14527e+06  2.66082e+02
2.808195713e+00  2.7035642e+02          inf  1.13677e+06  2.70356e+02
2.822236692e+00  3.4585656e+02          inf  1.12832e+06  3.45857e+02
2.836347875e+00  4.1150391e+02          inf  1.11992e+06  4.11504e+02
2.850529615e+00  5.7450569e+02          inf  1.11157e+06  5.74506e+02
2.864782263e+00  8.1658222e+02          inf  1.10326e+06  8.16582e+02
2.879106174e+00  1.3374604e+03          inf  1.09500e+06  1.33746e+03
2.893501705e+00  2.3375236e+03          inf  1.08679e+06  2.33752e+03
2.907969214e+00  2.4540095e+03          inf  1.07863e+06  2.45401e+03
2.922509060e+00  3.4773681e+03          inf  1.07051e+06  3.47721e+03
2.937121605e+00  4.5516491e+03          inf  1.06243e+06  4.55121e+03
2.951807213e+00  4.3332200e+03          inf  1.05441e+06  4.33196e+03
2.966566249e+00  4.8420163e+03          inf  1.04643e+06  4.83925e+03
2.981399080e+00  6.6058467e+03          inf  1.03850e+06  6.52662e+03
2.996306076e+00  8.2252240e+03          inf  1.03061e+06  8.11280e+03
3.011287606e+00  8.0519871e+03          inf  1.02277e+06  8.03991e+03
3.026344044e+00  8.9233413e+03          inf  1.01498e+06  8.92062e+03
3.041475764e+00  6.4985354e+03          inf  1.00723e+06  6.49853e+03
3.056683143e+00  7.4845697e+03          inf  9.99534e+05  7.48436e+03
3.071966559e+00  8.4932524e+03          inf  9.91880e+05  8.49320e+03
3.087326392e+00  7.0051647e+03          inf  9.84272e+05  7.00513e+03
3.102763024e+00  7.9053462e+03          inf  9.76711e+05  7.90534e+03
3.118276839e+00  1.4239054e+04          inf  9.69195e+05  1.42364e+04
3.133868223e+00  1.7871877e+04          inf  9.61725e+05  1.78618e+04
3.149537564e+00  1.8628250e+04          inf  9.54301e+05  1.86116e+04
3.165285252e+00  4.7594749e+04          inf  9.46922e+05  4.10409e+04
3.181111678e+00  3.2955747e+04          inf  9.39589e+05  3.20443e+04
3.197017237e+00  1.4521038e+04          inf  9.32302e+05  1.45163e+04
3.213002323e+00  9.9071001e+03          inf  9.25060e+05  9.90710e+03
3.229067334e+00  1.4919747e+04          inf  9.17863e+05  1.49192e+04
3.245212671e+00  1.7720467e+04          inf  9.10711e+05  1.77184e+04
3.261438734e+00  2.0751328e+04          inf  9.03604e+05  2.07467e+04
3.277745928e+00  3.0471549e+04          inf  8.96542e+05  3.03834e+04
3.294134658e+00  3.7863263e+04          inf  8.89525e+05  3.76008e+04
3.310605331e+00  2.4735154e+04          inf  8.82552e+05  2.46819e+04
3.327158358e+00  3.2268148e+04          inf  8.75624e+05  3.15173e+04
3.343794149e+00  5.5511069e+04          inf  8.68740e+05  5.44112e+04
3.360513120e+00  6.0539807e+04          inf  8.61901e+05  5.95330e+04
3.377315686e+00  1.0486263e+05          inf  8.55105e+05  8.36551e+04
3.394202264e+00  1.8504642e+05          inf  8.48354e+05  1.16448e+05
3.411173276e+00  2.0713400e+05          inf  8.41646e+05  1.22773e+05
3.428229142e+00  3.0373870e+05          inf  8.34982e+05  1.52425e+05
3.445370288e+00  3.2725610e+05          inf  8.28362e+05  1.79043e+05
3.462597139e+00  4.3201396e+05          inf  8.21785e+05  2.18933e+05
3.479910125e+00  3.9264521e+05          inf  8.15251e+05  2.18134e+05
3.497309675e+00  4.6163057e+05          inf  8.08760e+05  2.57308e+05
3.514796224e+00  4.5763887e+05          inf  8.02313e+05  2.94972e+05
3.532370205e+00  4.0533773e+05          inf  7.95908e+05  2.71562e+05
3.550032056e+00  3.5459244e+05          inf  7.89545e+05  2.65150e+05
3.567782216e+00  4.2783859e+05          inf  7.83226e+05  3.00314e+05
3.585621127e+00  4.1931400e+05          inf  7.76948e+05  3.10439e+05
3.603549233e+00  5.5423684e+05          inf  7.70713e+05  3.84715e+05
3.621566979e+00  6.6055099e+05          inf  7.64520e+05  4.46137e+05
3.639674814e+00  8.0296256e+05          inf  7.58368e+05  5.25660e+05
3.657873188e+00  7.7192923e+05          inf  7.52259e+05  5.51567e+05
3.676162554e+00  4.2978546e+05          inf  7.46190e+05  3.80785e+05
3.694543367e+00  8.5408397e+05          inf  7.40164e+05  6.37371e+05
3.713016084e+00  8.5541716e+05          inf  7.34178e+05  6.55909e+05
3.731581164e+00  8.3573902e+05          inf  7.28233e+05  6.63408e+05
3.750239070e+00  9.4923018e+05          inf  7.22330e+05  7.50619e+05
3.768990265e+00  9.1014781e+05          inf  7.16467e+05  7.63280e+05
3.787835216e+00  9.4881154e+05          inf  7.10644e+05  7.93578e+05
3.806774393e+00  1.0264118e+06          inf  7.04862e+05  8.56348e+05
3.825808265e+00  1.2421496e+06          inf  6.99120e+05  1.00744e+06
3.844937306e+00  1.0944426e+06          inf  6.93418e+05  9.25775e+05
3.864161992e+00  8.1624775e+05          inf  6.87755e+05  7.36055e+05
3.883482802e+00  5.7693603e+05          inf  6.82133e+05  5.42076e+05
3.902900216e+00  8.7289135e+05          inf  6.76550e+05  7.97580e+05
3.922414717e+00  7.4870376e+05          inf  6.71006e+05  7.06688e+05
3.942026791e+00  9.6522877e+05          inf  6.65501e+05  9.08141e+05
3.961736925e+00  1.1502978e+06          inf  6.60035e+05  1.08856e+06
3.981545610e+00  1.0729578e+06          inf  6.54608e+05  1.03512e+06
4.001453338e+00  9.4363291e+05          inf  6.49220e+05  9.25795e+05
4.021460604e+00  7.3186481e+05          inf  6.43870e+05  7.26680e+05
4.041567907e+00  5.4462932e+05          inf  6.38558e+05  5.43543e+05
4.061775747e+00  5.0379080e+05          inf  6.33284e+05  5.03433e+05
4.082084626e+00  3.9384587e+05          inf  6.28048e+05  3.93793e+05
4.102495049e+00  3.6136583e+05          inf  6.22849e+05  3.61353e+05
4.123007524e+00  3.4195557e+05          inf  6.17688e+05  3.41951e+05
4.143622562e+00  3.2451196e+05          inf  6.12564e+05  3.24511e+05
4.164340674e+00  2.2243238e+05          inf  6.07478e+05  2.22432e+05
4.185162378e+00  1.4547025e+05          inf  6.02428e+05  1.45470e+05
4.206088190e+00  5.0619791e+05          inf  5.97415e+05  5.06198e+05
4.227118631e+00  1.0063772e+06          inf  5.92439e+05  1.00638e+06
4.248254224e+00  1.0027435e+06          inf  5.87498e+05  1.00274e+06
4.269495495e+00  1.0854340e+06          inf  5.82594e+05  1.08543e+06
4.290842972e+00  1.1391021e+06          inf  5.77726e+05  1.13910e+06
4.312297187e+00  1.0027283e+06          inf  5.72894e+05  1.00273e+06
4.333858673e+00  7.6576104e+05          inf  5.68097e+05  7.65761e+05
4.355527967e+00  6.7879949e+05          inf  5.63336e+05  6.78799e+05
4.377305606e+00  5.5133888e+05          inf  5.58610e+05  5.51339e+05
4.399192134e+00  5.2134681e+05          inf  5.53919e+05  5.21347e+05
4.421188095e+00  4.5010187e+05          inf  5.49263e+05  4.50102e+05
4.443294036e+00  4.0666344e+05          inf  5.44641e+05  4.06663e+05
4.465510506e+00  3.8619119e+05          inf  5.40054e+05  3.86191e+05
4.487838058e+00  4.0810041e+05          inf  5.35501e+05  4.08100e+05
4.510277249e+00  4.0676486e+05          inf  5.30982e+05  4.06765e+05
4.532828635e+00  4.2899391e+05          inf  5.26497e+05  4.28994e+05
4.555492778e+00  6.9542101e+05          inf  5.22046e+05  6.95421e+05
4.578270242e+00  1.3982740e+06          inf  5.17628e+05  1.39805e+06
4.601161593e+00  2.8446349e+06          inf  5.13243e+05  2.84189e+06
4.624167401e+00  4.4352835e+06          inf  5.08892e+05  4.42617e+06
4.647288238e+00  5.7850668e+06          inf  5.04574e+05  5.76950e+06
4.670524679e+00  6.4009796e+06          inf  5.00288e+05  6.38725e+06
4.693877303e+00  5.1977747e+06          inf  4.96035e+05  5.17180e+06
4.717346689e+00  3.3195339e+06          inf  4.91814e+05  3.31164e+06
4.740933423e+00  4.4782792e+06          inf  4.87625e+05  4.46782e+06
4.764638090e+00  4.3478574e+06          inf  4.83469e+05  4.34247e+06
4.788461280e+00  4.7499235e+06          inf  4.79344e+05  4.74726e+06
4.812403587e+00  3.3504656e+06          inf  4.75251e+05  3.34988e+06
4.836465604e+00  3.9733511e+06          inf  4.71189e+05  3.97312e+06
4.860647933e+00  4.7500771e+06          inf  4.67158e+05  4.74939e+06
4.884951172e+00  6.5750617e+06          inf  4.63159e+05  6.57393e+06
4.909375928e+00  8.2787734e+06          inf  4.59190e+05  8.27810e+06
4.933922808e+00  8.4153625e+06          inf  4.55252e+05  8.41506e+06
4.958592422e+00  6.4513456e+06          inf  4.51345e+05  6.45134e+06
4.983385384e+00  9.8740334e+06          inf  4.47467e+05  9.87402e+06
5.008302311e+00  7.6629179e+06          inf  4.43620e+05  7.66292e+06
5.033343822e+00  8.4770458e+06          inf  4.39803e+05  8.47704e+06
5.058510541e+00  1.1122801e+07          inf  4.36015e+05  1.11228e+07
5.083803094e+00  7.4312310e+06          inf  4.32258e+05  7.43123e+06
5.109222110e+00  7.8082668e+06          inf  4.28529e+05  7.80827e+06
5.134768220e+00  5.8928191e+06          inf  4.24830e+05  5.89282e+06
5.160442061e+00  8.0969738e+06          inf  4.21159e+05  8.09697e+06
5.186244272e+00  8.4251522e+06          inf  4.17518e+05  8.42515e+06
5.212175493e+00  4.6359737e+06          inf  4.13905e+05  4.63597e+06
5.238236370e+00  6.2055881e+06          inf  4.10320e+05  6.20559e+06
5.264427552e+00  8.8865316e+06          inf  4.06764e+05  8.88653e+06
5.290749690e+00  6.3117326e+06          inf  4.03236e+05  6.31173e+06
5.317203438e+00  9.3916226e+06          inf  3.99736e+05  9.39162e+06
5.343789456e+00  5.5628978e+06          inf  3.96263e+05  5.56290e+06
5.370508403e+00  8.0299461e+06          inf  3.92818e+05  8.02995e+06
5.397360945e+00  8.8429092e+06          inf  3.89401e+05  8.84291e+06
5.424347750e+00  5.2550458e+06          inf  3.86010e+05  5.25505e+06
5.451469488e+00  6.4382950e+06          inf  3.82647e+05  6.43830e+06
5.478726836e+00  6.1026431e+06          inf  3.79311e+05  6.10264e+06
5.506120470e+00  9.4491983e+06          inf  3.76001e+05  9.44920e+06
5.533651072e+00  7.6070769e+06          inf  3.72717e+05  7.60708e+06
5.561319328e+00  6.1962622e+06          inf  3.69460e+05  6.19626e+06
5.589125924e+00  7.3442906e+06          inf  3.66229e+05  7.34429e+06
5.617071554e+00  7.5032124e+06          inf  3.63024e+05  7.50321e+06
5.645156912e+00  6.0972712e+06          inf  3.59845e+05  6.09727e+06
5.673382696e+00  7.6174204e+06          inf  3.56692e+05  7.61742e+06
5.701749610e+00  7.7625279e+06          inf  3.53563e+05  7.76253e+06
5.730258358e+00  7.1482386e+06          inf  3.50461e+05  7.14824e+06
5.758909650e+00  7.0853695e+06          inf  3.47383e+05  7.08537e+06
5.787704198e+00  9.5514820e+06          inf  3.44330e+05  9.55148e+06
5.816642719e+00  7.9792668e+06          inf  3.41302e+05  7.97927e+06
5.845725932e+00  8.8559081e+06          inf  3.38298e+05  8.85591e+06
5.874954562e+00  8.2910831e+06          inf  3.35319e+05  8.29108e+06
5.904329335e+00  9.0488633e+06          inf  3.32364e+05  9.04886e+06
5.933850982e+00  8.9640271e+06          inf  3.29433e+05  8.96403e+06
5.963520237e+00  9.8806130e+06          inf  3.26527e+05  9.88061e+06
5.993337838e+00  1.0288919e+07          inf  3.23643e+05  1.02889e+07
6.023304527e+00  1.1163217e+07          inf  3.20784e+05  1.11632e+07
6.053421050e+00  1.0738894e+07          inf  3.17948e+05  1.07389e+07
6.083688155e+00  1.1863520e+07          inf  3.15135e+05  1.18635e+07
6.114106596e+00  1.2170163e+07          inf  3.12345e+05  1.21702e+07
6.144677129e+00  1.2931602e+07          inf  3.09578e+05  1.29316e+07
6.175400514e+00  1.2962486e+07          inf  3.06834e+05  1.29625e+07
6.206277517e+00  1.5482486e+07          inf  3.04112e+05  1.54825e+07
6.237308904e+00  1.7058496e+07          inf  3.01413e+05  1.70585e+07
6.268495449e+00  1.8451066e+07          inf  2.98736e+05  1.84511e+07
6.299837926e+00  2.0438482e+07          inf  2.96082e+05  2.04385e+07
6.331337116e+00  1.8258849e+07          inf  2.93449e+05  1.82588e+07
6.362993801e+00  1.7124539e+07          inf  2.90838e+05  1.71245e+07
6.394808770e+00  1.7861159e+07          inf  2.88249e+05  1.78612e+07
6.426782814e+00  1.8678542e+07          inf  2.85681e+05  1.86785e+07
6.458916728e+00  2.0285672e+07          inf  2.83135e+05  2.02857e+07
6.491211312e+00  2.0861077e+07          inf  2.80610e+05  2.08611e+07
6.523667368e+00  2.1811729e+07          inf  2.78105e+05  2.18117e+07
6.556285705e+00  2.2286250e+07          inf  2.75622e+05  2.22862e+07
6.589067134e+00  2.4097805e+07          inf  2.73159e+05  2.40978e+07
6.622012469e+00  2.5397492e+07          inf  2.70717e+05  2.53975e+07
6.655122532e+00  2.6840616e+07          inf  2.68296e+05  2.68406e+07
6.688398144e+00  2.8859590e+07          inf  2.65894e+05  2.88596e+07
6.721840135e+00  3.0466847e+07          inf  2.63513e+05  3.04668e+07
6.755449336e+00  3.8607662e+07          inf  2.61152e+05  3.86077e+07
6.789226583e+00  3.2518529e+07          inf  2.58811e+05  3.25185e+07
6.823172715e+00  3.6021032e+07          inf  2.56489e+05  3.60210e+07
6.857288579e+00  3.5399896e+07          inf  2.54187e+05  3.53999e+07
6.891575022e+00  4.5942421e+07          inf  2.51904e+05  4.59424e+07
6.926032897e+00  5.6428610e+07          inf  2.49641e+05  5.64286e+07
6.960663062e+00  4.6807029e+07          inf  2.47396e+05  4.68070e+07
6.995466377e+00  5.3412172e+07          inf  2.45171e+05  5.34122e+07
7.030443709e+00  5.2772096e+07          inf  2.42964e+05  5.27721e+07
7.065595927e+00  6.2448164e+07          inf  2.40776e+05  6.24482e+07
7.100923907e+00  7.8989359e+07          inf  2.38607e+05  7.89894e+07
7.136428526e+00  6.8535953e+07          inf  2.36456e+05  6.85360e+07
7.172110669e+00  6.7948708e+07          inf  2.34323e+05  6.79487e+07
7.207971222e+00  7.7727173e+07          inf  2.32208e+05  7.77272e+07
7.244011079e+00  9.5875198e+07          inf  2.30112e+05  9.58752e+07
7.280231134e+00  8.1769620e+07          inf  2.28033e+05  8.17696e+07
7.316632290e+00  1.0159080e+08          inf  2.25972e+05  1.01591e+08
7.353215451e+00  9.9187157e+07          inf  2.23929e+05  9.91872e+07
7.389981528e+00  1.0666847e+08          inf  2.21902e+05  1.06668e+08
7.426931436e+00  1.1638585e+08          inf  2.19894e+05  1.16386e+08
7.464066093e+00  1.0127858e+08          inf  2.17902e+05  1.01279e+08
7.501386424e+00  1.3238815e+08          inf  2.15928e+05  1.32388e+08
7.538893356e+00  1.5896650e+08          inf  2.13970e+05  1.58967e+08
7.576587822e+00  1.3026469e+08          inf  2.12029e+05  1.30265e+08
7.614470762e+00  1.3718335e+08          inf  2.10105e+05  1.37183e+08
7.652543115e+00  1.2457964e+08          inf  2.08197e+05  1.24580e+08
7.690805831e+00  1.0019456e+08          inf  2.06306e+05  1.00195e+08
7.729259860e+00  1.1651118e+08          inf  2.04431e+05  1.16511e+08
7.767906159e+00  1.5800021e+08          inf  2.02572e+05  1.58000e+08
7.806745690e+00  1.4737665e+08          inf  2.00730e+05  1.47377e+08
7.845779419e+00  1.3593937e+08          inf  1.98903e+05  1.35939e+08
7.885008316e+00  1.3672596e+08          inf  1.97092e+05  1.36726e+08
7.924433357e+00  1.6886838e+08          inf  1.95296e+05  1.68868e+08
7.964055524e+00  2.4141671e+08          inf  1.93516e+05  2.41417e+08
8.003875802e+00  3.1433545e+08          inf  1.91752e+05  3.14335e+08
8.043895181e+00  3.1441412e+08          inf  1.90002e+05  3.14414e+08
8.084114657e+00  4.0076196e+08          inf  1.88268e+05  4.00760e+08
8.124535230e+00  4.9933897e+08          inf  1.86549e+05  4.99333e+08
8.165157906e+00  4.2655638e+08          inf  1.84845e+05  4.26556e+08
8.205983696e+00  4.5637922e+08          inf  1.83156e+05  4.56379e+08
8.247013614e+00  4.4634728e+08          inf  1.81481e+05  4.46347e+08
8.288248682e+00  6.2716426e+08          inf  1.79821e+05  6.27157e+08
8.329689926e+00  6.0775711e+08          inf  1.78175e+05  6.07750e+08
8.371338375e+00  6.3854275e+08          inf  1.76544e+05  6.38535e+08
8.413195067e+00  5.5186615e+08          inf  1.74927e+05  5.51864e+08
8.455261042e+00  6.2578679e+08          inf  1.73324e+05  6.25779e+08
8.497537348e+00  5.7559242e+08          inf  1.71735e+05  5.75590e+08
8.540025034e+00  6.8199552e+08          inf  1.70160e+05  6.81988e+08
8.582725160e+00  6.6635573e+08          inf  1.68599e+05  6.66349e+08
8.625638785e+00  7.1142631e+08          inf  1.67051e+05  7.11408e+08
8.668766979e+00  6.7230406e+08          inf  1.65517e+05  6.72296e+08
8.712110814e+00  7.3651597e+08          inf  1.63997e+05  7.36503e+08
8.755671368e+00  8.0756174e+08          inf  1.62489e+05  8.07542e+08
8.799449725e+00  6.8837996e+08          inf  1.60995e+05  6.88376e+08
8.843446974e+00  8.4658577e+08          inf  1.59514e+05  8.46562e+08
8.887664209e+00  8.5508558e+08          inf  1.58047e+05  8.55060e+08
8.932102530e+00  8.7740839e+08          inf  1.56592e+05  8.77393e+08
8.976763042e+00  9.3190527e+08          inf  1.55149e+05  9.31883e+08
9.021646857e+00  9.2469620e+08          inf  1.53720e+05  9.24685e+08
9.066755092e+00  9.7164582e+08          inf  1.52303e+05  9.71630e+08
9.112088867e+00  1.0144831e+09          inf  1.50899e+05  1.01446e+09
9.157649312e+00  9.8607872e+08          inf  1.49507e+05  9.86062e+08
9.203437558e+00  9.7575541e+08          inf  1.48127e+05  9.75741e+08
9.249454746e+00  9.7073356e+08          inf  1.46760e+05  9.70720e+08
9.295702020e+00  9.8504446e+08          inf  1.45404e+05  9.85035e+08
9.342180530e+00  9.4924189e+08          inf  1.44061e+05  9.49230e+08
9.388891432e+00  5.7549189e+08          inf  1.42729e+05  5.75490e+08
9.435835890e+00  4.8128708e+08          inf  1.41410e+05  4.81287e+08
9.483015069e+00  5.1088862e+08          inf  1.40102e+05  5.10889e+08
9.530430144e+00  5.1065675e+08          inf  1.38805e+05  5.10657e+08
9.578082295e+00  6.6564907e+08          inf  1.37521e+05  6.65645e+08
9.625972707e+00  5.7038020e+08          inf  1.36247e+05  5.70380e+08
9.674102570e+00  5.5975531e+08          inf  1.34985e+05  5.59755e+08
9.722473083e+00  5.5003456e+08          inf  1.33734e+05  5.50034e+08
9.771085448e+00  5.6451971e+08          inf  1.32494e+05  5.64520e+08
9.819940876e+00  5.8061107e+08          inf  1.31266e+05  5.80611e+08
9.869040580e+00  6.4779039e+08          inf  1.30048e+05  6.47790e+08
9.918385783e+00  7.4561059e+08          inf  1.28841e+05  7.45609e+08
9.967977712e+00  9.3674092e+08          inf  1.27645e+05  9.36736e+08
1.001781760e+01  1.1158295e+09          inf  1.26459e+05  1.11582e+09
1.006790669e+01  1.3323745e+09          inf  1.25285e+05  1.33236e+09
1.011824622e+01  1.5209228e+09          inf  1.24120e+05  1.52091e+09
1.016883745e+01  1.6538067e+09          inf  1.22966e+05  1.65380e+09
1.021968164e+01  1.6933678e+09          inf  1.21823e+05  1.69336e+09
1.027078005e+01  1.7227590e+09          inf  1.20689e+05  1.72275e+09
1.032213395e+01  1.8083726e+09          inf  1.19566e+05  1.80836e+09
1.037374462e+01  1.9566143e+09          inf  1.18453e+05  1.95660e+09
1.042561334e+01  2.0103530e+09          inf  1.17350e+05  2.01034e+09
1.047774141e+01  1.9608325e+09          inf  1.16257e+05  1.96083e+09
1.053013012e+01  2.0048192e+09          inf  1.15173e+05  2.00481e+09
1.058278077e+01  2.0628949e+09          inf  1.14099e+05  2.06289e+09
1.063569467e+01  2.1281682e+09          inf  1.13035e+05  2.12816e+09
1.068887314e+01  2.2032519e+09          inf  1.11981e+05  2.20324e+09
1.074231751e+01  2.2723485e+09          inf  1.10936e+05  2.27234e+09
1.079602910e+01  2.2467305e+09          inf  1.09900e+05  2.24673e+09
1.085000924e+01  2.3002197e+09          inf  1.08874e+05  2.30022e+09
1.090425929e+01  2.4403034e+09          inf  1.07857e+05  2.44030e+09
1.095878058e+01  2.4778500e+09          inf  1.06849e+05  2.47784e+09
1.101357449e+01  2.4127328e+09          inf  1.05851e+05  2.41273e+09
1.106864236e+01  2.5887478e+09          inf  1.04861e+05  2.58874e+09
1.112398557e+01  2.6268132e+09          inf  1.03880e+05  2.62681e+09
1.117960550e+01  2.6868139e+09          inf  1.02908e+05  2.68681e+09
1.123550353e+01  2.6330055e+09          inf  1.01945e+05  2.63300e+09
1.129168104e+01  2.6480914e+09          inf  1.00991e+05  2.64809e+09
1.134813945e+01  2.7624679e+09          inf  1.00045e+05  2.76247e+09
1.140488015e+01  2.8112709e+09          inf  9.91080e+04  2.81127e+09
1.146190455e+01  2.7496358e+09          inf  9.81794e+04  2.74963e+09
1.151921407e+01  2.9487835e+09          inf  9.72591e+04  2.94878e+09
1.157681014e+01  2.9445077e+09          inf  9.63472e+04  2.94451e+09
1.163469419e+01  3.0432747e+09          inf  9.54436e+04  3.04327e+09
1.169286766e+01  2.9400304e+09          inf  9.45482e+04  2.94003e+09
1.175133200e+01  2.8842950e+09          inf  9.36609e+04  2.88429e+09
1.181008866e+01  3.1716816e+09          inf  9.27817e+04  3.17168e+09
1.186913910e+01  3.1364390e+09          inf  9.19105e+04  3.13644e+09
1.192848480e+01  3.2392031e+09          inf  9.10472e+04  3.23920e+09
1.198812722e+01  3.3512471e+09          inf  9.01917e+04  3.35125e+09
1.204806786e+01  3.3664386e+09          inf  8.93441e+04  3.36644e+09
1.210830820e+01  3.1973230e+09          inf  8.85042e+04  3.19732e+09
1.216884974e+01  3.4702872e+09          inf  8.76719e+04  3.47029e+09
1.222969399e+01  3.4801823e+09          inf  8.68473e+04  3.48018e+09
1.229084246e+01  3.2878708e+09          inf  8.60301e+04  3.28787e+09
1.235229667e+01  3.4090602e+09          inf  8.52204e+04  3.40906e+09
1.241405815e+01  3.4080048e+09          inf  8.44182e+04  3.40800e+09
1.247612845e+01  3.4135917e+09          inf  8.36232e+04  3.41359e+09
1.253850909e+01  2.9435384e+09          inf  8.28355e+04  2.94354e+09
1.260120163e+01  3.1767843e+09          inf  8.20550e+04  3.17678e+09
1.266420764e+01  3.5498630e+09          inf  8.12817e+04  3.54986e+09
1.272752868e+01  3.4514494e+09          inf  8.05154e+04  3.45145e+09
1.279116632e+01  3.6704967e+09          inf  7.97562e+04  3.67050e+09
1.285512215e+01  3.3844596e+09          inf  7.90039e+04  3.38446e+09
1.291939776e+01  3.6505824e+09          inf  7.82585e+04  3.65058e+09
1.298399475e+01  3.3968656e+09          inf  7.75199e+04  3.39687e+09
1.304891473e+01  3.5363884e+09          inf  7.67882e+04  3.53639e+09
1.311415930e+01  3.4340441e+09          inf  7.60631e+04  3.43404e+09
1.317973010e+01  3.1423198e+09          inf  7.53447e+04  3.14232e+09
1.324562875e+01  2.8182774e+09          inf  7.46329e+04  2.81828e+09
1.331185689e+01  2.6268749e+09          inf  7.39276e+04  2.62687e+09
1.337841618e+01  2.4430651e+09          inf  7.32288e+04  2.44307e+09
1.344530826e+01  2.2794497e+09          inf  7.25365e+04  2.27945e+09
1.351253480e+01  2.0928597e+09          inf  7.18505e+04  2.09286e+09
1.358009747e+01  2.1097306e+09          inf  7.11708e+04  2.10973e+09
1.364799796e+01  2.1225591e+09          inf  7.04974e+04  2.12256e+09
1.371623795e+01  2.1842177e+09          inf  6.98302e+04  2.18422e+09
1.378481914e+01  2.2633245e+09          inf  6.91692e+04  2.26332e+09
1.385374323e+01  2.3277014e+09          inf  6.85142e+04  2.32770e+09
1.392301195e+01  2.2785896e+09          inf  6.78653e+04  2.27859e+09
1.399262701e+01  2.2583541e+09          inf  6.72224e+04  2.25835e+09
1.406259015e+01  2.2899551e+09          inf  6.65854e+04  2.28996e+09
1.413290310e+01  2.3270788e+09          inf  6.59543e+04  2.32708e+09
1.420356761e+01  2.4642131e+09          inf  6.53290e+04  2.46421e+09
1.427458545e+01  2.5262590e+09          inf  6.47095e+04  2.52626e+09
1.434595838e+01  2.6560710e+09          inf  6.40957e+04  2.65607e+09
1.441768817e+01  2.8636459e+09          inf  6.34876e+04  2.86365e+09
1.448977661e+01  2.9303995e+09          inf  6.28852e+04  2.93040e+09
1.456222549e+01  3.0934869e+09          inf  6.22883e+04  3.09349e+09
1.463503662e+01  3.2839498e+09          inf  6.16969e+04  3.28395e+09
1.470821180e+01  3.2324642e+09          inf  6.11110e+04  3.23246e+09
1.478175286e+01  3.4451873e+09          inf  6.05306e+04  3.44519e+09
1.485566163e+01  3.4765433e+09          inf  5.99555e+04  3.47654e+09
1.492993994e+01  4.2248744e+09          inf  5.93857e+04  4.22487e+09
1.500458964e+01  3.9093174e+09          inf  5.88213e+04  3.90932e+09
1.507961258e+01  3.8105021e+09          inf  5.82621e+04  3.81050e+09
1.515501065e+01  3.6476293e+09          inf  5.77080e+04  3.64763e+09
1.523078570e+01  3.6319415e+09          inf  5.71592e+04  3.63194e+09
1.530693963e+01  3.7836199e+09          inf  5.66154e+04  3.78362e+09
1.538347433e+01  4.0110967e+09          inf  5.60767e+04  4.01110e+09
1.546039170e+01  3.7382009e+09          inf  5.55429e+04  3.73820e+09
1.553769366e+01  3.7067059e+09          inf  5.50142e+04  3.70671e+09
1.561538212e+01  3.5790137e+09          inf  5.44904e+04  3.57901e+09
1.569345903e+01  3.6082857e+09          inf  5.39714e+04  3.60829e+09
1.577192633e+01  3.5605739e+09          inf  5.34573e+04  3.56057e+09
1.585078596e+01  3.5162271e+09          inf  5.29479e+04  3.51623e+09
1.593003989e+01  3.4755889e+09          inf  5.24433e+04  3.47559e+09
1.600969009e+01  3.5343235e+09          inf  5.19435e+04  3.53432e+09
1.608973854e+01  3.6135268e+09          inf  5.14482e+04  3.61353e+09
1.617018723e+01  4.1596747e+09          inf  5.09576e+04  4.15967e+09
1.625103817e+01  3.7702027e+09          inf  5.04716e+04  3.77020e+09
1.633229336e+01  3.7840679e+09          inf  4.99901e+04  3.78407e+09
1.641395483e+01  3.8416753e+09          inf  4.95131e+04  3.84168e+09
1.649602460e+01  3.9658997e+09          inf  4.90405e+04  3.96590e+09
1.657850473e+01  4.0327774e+09          inf  4.85724e+04  4.03278e+09
1.666139725e+01  4.2437583e+09          inf  4.81087e+04  4.24376e+09
1.674470424e+01  4.2827280e+09          inf  4.76492e+04  4.28273e+09
1.682842776e+01  4.5668853e+09          inf  4.71941e+04  4.56689e+09
1.691256990e+01  4.8385649e+09          inf  4.67432e+04  4.83856e+09
1.699713274e+01  5.1371479e+09          inf  4.62966e+04  5.13715e+09
